t001 265 55 387 291 4223
t002 262 54 380 290 4005
t003 252 53 373 288 3729
t004 247 50 363 288 3625
t005 235 49 356 287 3564
t006 228 48 346 285 3360
t007 189 38 366 291 2498
t008 159 36 379 289 2227
t009 155 34 365 288 1987
t010 186 38 317 280 2143
t011 175 36 312 278 1896
t012 167 33 306 277 1680
t013 156 32 301 276 1603
t014 145 31 297 274 1512
t015 139 29 291 274 1449
t016 130 28 285 273 1320
t017 126 26 279 273 1129
t018 119 24 273 272 1014
t019 113 23 267 271 942
t020 109 24 260 270 926
t021 103 22 254 270 878
t022 99 23 248 268 815
t023 94 21 243 267 736
t024 92 20 237 266 674
t025 88 19 232 266 599
t026 85 18 227 266 565
t027 82 17 222 265 542
t028 80 16 217 265 512
t029 77 16 214 264 475
t030 73 16 211 264 455
t031 69 13 210 266 345
t032 65 16 209 261 411
t033 63 16 208 260 393
t034 60 15 207 260 363
t035 57 12 207 261 257
t036 58 14 205 258 307
t037 56 13 204 257 282
t038 53 13 202 257 264
t039 52 11 199 258 205
t040 52 12 196 256 257
